GEN 4 4 7 1,0,0,4 4,2,0,1 3,4,0,0 0,2,3,4 0,4,4,3 4,2,4,1 2,0,4,3 3,2,1,1 0,2,1,0 4,2,4,0 1,4,0,0 4,0,1,1 4,4,2,1 1,4,0,4 2,2,4,3 4,1,0,4
GEN 5 6 42 2,1,0,6 4,3,6,3 6,2,5,4 4,4,0,0 4,6,0,4 2,0,0,1 0,3,6,0 3,1,2,4 2,1,3,2 2,1,4,0 4,6,5,0 6,2,4,0 3,6,5,2 4,2,0,4 3,5,4,0 1,0,2,4 4,3,0,2 2,3,4,2 6,3,1,4 4,4,6,1 5,2,0,4 0,5,1,3 4,0,0,1 4,2,4,0 4,1,3,1
GEN 3 3 1 2,2,0,2 0,3,2,0 1,2,0,3 0,0,2,2 2,3,0,2 2,0,3,2 3,0,0,2 0,0,2,3 1,2,2,2
GEN 6 5 99 2,5,0,5 5,0,1,4 1,4,1,2 0,4,5,0 3,2,0,0 3,0,3,1 3,3,3,0 3,3,0,2 1,1,0,2 2,2,5,3 5,2,3,4 0,5,2,0 4,3,5,1 3,4,4,0 4,5,1,5 4,3,3,5 1,4,4,2 5,1,0,3 0,4,2,3 1,4,3,0 1,4,1,2 5,2,5,1 1,5,1,1 3,4,5,2 1,3,3,3 5,1,1,0 2,0,1,1 1,0,5,4 5,1,5,0 4,0,2,5 2,2,3,2 5,3,5,3 0,0,1,4 3,4,2,3 4,3,5,0 3,1,5,5
FRAMEDGEN 4 4 7 1,0,0,1 1,2,0,3 1,1,0,0 0,2,2,1 0,2,3,1 4,2,3,4 2,0,2,2 2,4,4,3 0,2,3,0 1,2,1,0 3,2,0,0 2,0,1,3 2,4,4,2 2,2,0,2 4,4,1,2 2,3,0,1
FRAMEDGEN 6 8 42 8,8,5,6 5,5,0,5 4,0,3,3 7,3,8,8 8,7,7,7 8,7,6,8 4,1,2,0 0,4,3,4 3,2,0,0 5,0,2,1 2,3,5,0 5,2,7,8 2,0,5,1 1,8,7,6 6,6,3,1 3,0,1,5 0,5,4,5 8,6,7,5 3,0,2,1 2,4,0,0 6,2,8,7 6,7,7,7 1,0,0,4 0,4,5,5 2,5,0,5 1,4,0,5 0,4,5,4 4,0,0,5 5,6,8,5 7,8,7,1 4,6,8,8 1,6,7,6 2,0,4,5 1,7,6,3 5,0,5,2 7,8,7,6
FRAMEDGEN 8 12 99 2,1,0,3 5,10,6,5 1,1,3,0 1,7,11,2 4,4,0,1 11,1,7,9 4,5,0,4 5,2,0,4 7,10,11,9 7,6,7,4 11,12,10,7 6,10,12,10 10,10,10,9 2,4,0,1 4,2,5,0 1,3,2,0 10,11,4,11 9,6,9,11 0,2,3,1 10,10,9,7 12,8,2,2 0,1,5,2 5,3,0,0 10,10,3,11 3,5,0,5 6,11,10,10 6,12,12,7 1,1,0,4 1,3,0,0 5,0,5,3 2,1,0,0 12,1,7,12 11,7,11,12 10,3,7,12 0,3,2,4 4,1,3,0 3,5,5,0 6,10,2,12 10,10,11,9 10,8,12,10 3,8,6,7 9,6,10,12 11,10,7,1 10,9,1,11 10,7,6,8 9,11,7,7 0,2,3,5 3,4,0,5 10,11,7,3 7,11,3,6 0,3,1,0 5,1,3,0 9,12,8,3 0,5,4,1 6,10,8,4 8,11,6,2 12,1,8,9 3,3,5,0 1,4,0,5 10,7,5,3 0,1,2,4 12,9,6,9 12,10,10,7 0,4,1,1
FRAMEDGEN 10 22 5 17,6,15,3 20,3,14,7 11,19,16,11 1,3,0,2 12,17,11,10 10,21,8,18 19,7,19,16 20,10,18,17 21,15,2,15 7,21,9,13 0,5,2,3 8,14,15,15 18,6,12,4 21,22,19,2 21,11,21,16 5,0,0,1 18,8,9,1 21,13,17,18 3,21,14,13 2,1,0,3 3,1,5,0 2,14,6,17 17,14,8,22 7,22,14,20 0,4,1,1 13,15,18,9 22,12,13,17 15,22,20,5 9,15,2,8 16,15,14,15 10,6,17,13 5,0,3,4 5,5,3,0 1,0,4,2 12,18,10,8 15,16,7,1 18,19,15,17 12,14,7,18 17,8,15,14 1,0,1,5 3,3,0,1 0,3,5,3 0,1,1,1 16,15,8,10 14,15,21,12 20,8,13,21 15,8,4,7 1,19,16,19 0,3,5,2 5,19,16,7 15,11,6,10 2,6,10,2 4,3,0,3 4,0,3,4 1,5,0,1 18,7,12,19 7,19,15,1 21,19,16,8 20,14,5,22 15,15,13,14 2,4,0,2 3,0,3,5 15,19,1,5 17,19,10,11 3,9,15,15 0,1,4,3 21,4,19,21 1,0,0,5 13,14,5,10 5,1,0,5 6,9,22,18 4,0,4,1 18,4,12,13 20,21,8,13 3,0,3,4 0,5,2,5 12,10,10,1 13,15,19,13 1,1,0,5 7,15,15,22 11,14,11,14 5,5,2,0 3,2,0,4 0,3,5,3 0,2,3,4 5,0,3,2 18,16,21,14 3,1,3,0 3,5,0,0 4,1,10,22 19,8,7,13 5,1,20,18 9,21,5,15 4,0,4,1 3,0,0,1 9,10,8,20 3,0,1,3 17,12,5,20 17,15,13,22 13,17,6,1
FRAMEDGEN 3 3 1 2,2,0,2 0,3,2,0 1,2,0,3 0,0,2,2 2,3,0,2 2,0,3,2 3,0,0,2 0,0,2,3 1,2,2,2
FRAMEDGEN 5 1 4 1,1,1,0 1,1,1,1 1,1,1,1 0,1,1,1 1,1,1,1 1,1,0,1 1,0,0,1 1,1,0,1 1,1,0,0 1,1,1,0 1,0,0,1 0,1,1,0 1,1,0,1 1,1,1,1 1,1,0,1 1,1,1,1 1,1,0,1 1,1,0,1 1,1,1,0 1,1,1,1 1,1,1,0 1,1,0,1 1,1,1,1 1,1,1,1 1,1,1,1
OFF pieces=256 colors=22 hints=5
OFFHINT 135 138 0
OFFHINT 210 180 1
OFFHINT 34 207 1
OFFHINT 221 248 2
OFFHINT 45 254 1
PATH row-major 3 3 0 1 2 3 4 5 6 7 8
PATH row-major 4 4 0 1 2 3 4 5 6 7 8 9 10 11 12 13 14 15
PATH row-major 5 5 0 1 2 3 4 5 6 7 8 9 10 11 12 13 14 15 16 17 18 19 20 21 22 23 24
PATH snake 3 3 0 1 2 5 4 3 6 7 8
PATH snake 4 4 0 1 2 3 7 6 5 4 8 9 10 11 15 14 13 12
PATH snake 5 5 0 1 2 3 4 9 8 7 6 5 10 11 12 13 14 19 18 17 16 15 20 21 22 23 24
PATH column-major 3 3 0 3 6 1 4 7 2 5 8
PATH column-major 4 4 0 4 8 12 1 5 9 13 2 6 10 14 3 7 11 15
PATH column-major 5 5 0 5 10 15 20 1 6 11 16 21 2 7 12 17 22 3 8 13 18 23 4 9 14 19 24
PATH spiral-in 3 3 0 1 2 5 8 7 6 3 4
PATH spiral-in 4 4 0 1 2 3 7 11 15 14 13 12 8 4 5 6 10 9
PATH spiral-in 5 5 0 1 2 3 4 9 14 19 24 23 22 21 20 15 10 5 6 7 8 13 18 17 16 11 12
PATH spiral-out 3 3 4 3 6 7 8 5 2 1 0
PATH spiral-out 4 4 9 10 6 5 4 8 12 13 14 15 11 7 3 2 1 0
PATH spiral-out 5 5 12 11 16 17 18 13 8 7 6 5 10 15 20 21 22 23 24 19 14 9 4 3 2 1 0
PATH diagonal 3 3 0 1 3 2 4 6 5 7 8
PATH diagonal 4 4 0 1 4 2 5 8 3 6 9 12 7 10 13 11 14 15
PATH diagonal 5 5 0 1 5 2 6 10 3 7 11 15 4 8 12 16 20 9 13 17 21 14 18 22 19 23 24
PATH border-first 3 3 0 1 2 5 8 7 6 3 4
PATH border-first 4 4 0 1 2 3 7 11 15 14 13 12 8 4 5 6 9 10
PATH border-first 5 5 0 1 2 3 4 9 14 19 24 23 22 21 20 15 10 5 6 7 8 11 12 13 16 17 18
PATH double-snake 3 3 0 3 1 4 2 5 8 7 6
PATH double-snake 4 4 0 4 1 5 2 6 3 7 11 15 10 14 9 13 8 12
PATH double-snake 5 5 0 5 1 6 2 7 3 8 4 9 14 19 13 18 12 17 11 16 10 15 20 21 22 23 24
PATH random 3 3 0 8 1 7 3 4 5 6 2
PATH random 4 4 15 2 6 4 9 14 3 10 12 0 7 1 8 5 13 11
PATH random 5 5 18 19 5 1 12 10 9 21 8 7 13 24 0 3 23 11 6 17 4 15 16 2 14 22 20
SOLVE row-major status=solved placed=16 score=24 nodes=114 attempts=3825 backtracks=98
SOLVE snake status=solved placed=16 score=24 nodes=121 attempts=4101 backtracks=105
SOLVE column-major status=solved placed=16 score=24 nodes=27 attempts=593 backtracks=11
SOLVE spiral-in status=solved placed=16 score=24 nodes=404 attempts=11017 backtracks=388
SOLVE spiral-out status=solved placed=16 score=24 nodes=100 attempts=4021 backtracks=84
SOLVE diagonal status=solved placed=16 score=24 nodes=255 attempts=8313 backtracks=239
SOLVE border-first status=solved placed=16 score=24 nodes=406 attempts=11029 backtracks=390
SOLVE double-snake status=solved placed=16 score=24 nodes=39 attempts=1197 backtracks=23
SOLVE random status=solved placed=16 score=24 nodes=5381 attempts=168377 backtracks=5365
OFFICIALRUN budget=50000 status=running placed=47 best=48 nodes=25021 attempts=21297806 backtracks=24979
