7 0 0 4 2
28 0 0 2 2
32 0 2 2 0
44 0 0 3 3
1 4 0 1 8
4 0 1 8 4
20 0 2 8 4
10 0 3 5 2
16 3 8 2 0
21 8 1 0 4
27 3 8 1 0
22 8 4 0 4
23 4 8 2 0
17 0 1 7 2
18 3 0 1 8
35 5 1 0 1
36 4 7 1 0
30 1 7 1 0
37 3 7 4 0
71 0 1 8 3
72 3 7 4 0
61 0 2 5 3
59 4 0 2 7
53 4 8 2 0
54 8 1 0 2
49 1 0 4 8
47 2 7 3 0
69 8 4 0 2
45 0 4 7 3
57 0 3 6 3
67 3 8 1 0
56 3 0 1 7
64 8 8 7 7
46 7 7 8 8
39 5 7 6 5
5 8 7 6 7
11 7 8 5 5
66 7 5 8 7
33 7 7 8 7
41 6 6 8 7
40 8 8 7 6
60 8 8 7 7
65 7 8 7 7
38 8 7 8 7
8 8 8 8 8
24 8 7 7 8
19 8 8 7 7
55 8 7 8 8
51 7 7 8 8
68 7 8 8 7
9 7 5 7 7
62 8 6 8 8
52 7 7 7 8
50 7 7 8 7
34 7 7 7 5
43 8 7 8 7
2 7 8 7 7
14 8 8 8 5
3 5 8 6 6
25 6 8 7 8
13 8 7 5 8
6 6 6 8 7
15 7 6 8 8
63 5 7 7 7
26 6 7 8 7
31 5 7 8 8
29 8 7 5 6
12 7 6 5 7
58 7 8 8 6
42 8 5 7 8
70 6 6 5 7
48 8 7 5 6
